		Id	SalePrice
"1,461,129,747.50"	1461129747.5	1461	129747.5
"1,462,154,144.50"	1462154144.5	1462	154144.5
"1,463,183,740.24"	1463183740.24	1463	183740.24
"1,464,183,568.62"	1464183568.62	1464	183568.62
"1,465,198,229.59"	1465198229.59	1465	198229.59
"1,466,184,008.79"	1466184008.79	1466	184008.79
"1,467,165,414.31"	1467165414.31	1467	165414.31
"1,468,176,391.12"	1468176391.12	1468	176391.12
"1,469,180,081.06"	1469180081.06	1469	180081.06
"1,470,121,556.58"	1470121556.58	1470	121556.58
"1,471,199,030.35"	1471199030.35	1471	199030.35
"147,294,539.00"	147294539	1472	94539
"147,396,780.50"	147396780.5	1473	96780.5
"1,474,154,236.00"	1474154236	1474	154236
"1,475,146,837.20"	1475146837.2	1475	146837.2
"1,476,381,163.88"	1476381163.88	1476	381163.88
"1,477,249,745.40"	1477249745.4	1477	249745.4
"1,478,305,792.51"	1478305792.51	1478	305792.51
"1,479,251,950.56"	1479251950.56	1479	251950.56
"1,480,458,514.96"	1480458514.96	1480	458514.96
"1,481,302,275.16"	1481302275.16	1481	302275.16
"1,482,210,308.99"	1482210308.99	1482	210308.99
"1,483,179,723.85"	1483179723.85	1483	179723.85
"1,484,177,397.10"	1484177397.1	1484	177397.1
"1,485,169,859.70"	1485169859.7	1485	169859.7
"1,486,199,549.80"	1486199549.8	1486	199549.8
"1,487,325,578.47"	1487325578.47	1487	325578.47
"1,488,241,094.66"	1488241094.66	1488	241094.66
"1,489,215,395.71"	1489215395.71	1489	215395.71
"1,490,197,388.01"	1490197388.01	1490	197388.01
"1,491,192,730.00"	1491192730	1491	192730
"1,492,103,033.61"	1492103033.61	1492	103033.61
"1,493,171,079.46"	1493171079.46	1493	171079.46
"1,494,299,807.76"	1494299807.76	1494	299807.76
"1,495,301,768.54"	1495301768.54	1495	301768.54
"1,496,231,450.15"	1496231450.15	1496	231450.15
"1,497,194,004.79"	1497194004.79	1497	194004.79
"1,498,155,088.15"	1498155088.15	1498	155088.15
"1,499,154,429.68"	1499154429.68	1499	154429.68
"1,500,151,703.27"	1500151703.27	1500	151703.27
"1,501,173,993.85"	1501173993.85	1501	173993.85
"1,502,170,551.29"	1502170551.29	1502	170551.29
"1,503,297,518.73"	1503297518.73	1503	297518.73
"1,504,223,485.35"	1504223485.35	1504	223485.35
"1,505,212,907.77"	1505212907.77	1505	212907.77
"1,506,185,672.24"	1506185672.24	1506	185672.24
"1,507,223,500.66"	1507223500.66	1507	223500.66
"1,508,192,884.25"	1508192884.25	1508	192884.25
"1,509,163,783.14"	1509163783.14	1509	163783.14
"1,510,149,753.00"	1510149753	1510	149753
"1,511,153,717.37"	1511153717.37	1511	153717.37
"1,512,168,756.50"	1512168756.5	1512	168756.5
"1,513,153,107.92"	1513153107.92	1513	153107.92
"1,514,165,280.00"	1514165280	1514	165280
"1,515,181,967.47"	1515181967.47	1515	181967.47
"1,516,160,971.82"	1516160971.82	1516	160971.82
"1,517,152,656.12"	1517152656.12	1517	152656.12
"1,518,129,564.23"	1518129564.23	1518	129564.23
"1,519,224,330.57"	1519224330.57	1519	224330.57
"1,520,138,217.75"	1520138217.75	1520	138217.75
"1,521,144,471.00"	1521144471	1521	144471
"1,522,164,694.00"	1522164694	1522	164694
"1,523,116,169.58"	1523116169.58	1523	116169.58
"1,524,124,141.66"	1524124141.66	1524	124141.66
"1,525,124,686.15"	1525124686.15	1525	124686.15
"1,526,129,517.00"	1526129517	1526	129517
"1,527,103,263.54"	1527103263.54	1527	103263.54
"1,528,127,565.25"	1528127565.25	1528	127565.25
"1,529,141,062.75"	1529141062.75	1529	141062.75
"1,530,169,100.50"	1530169100.5	1530	169100.5
"1,531,126,899.87"	1531126899.87	1531	126899.87
"1,532,106,346.00"	1532106346	1532	106346
"1,533,148,033.95"	1533148033.95	1533	148033.95
"1,534,114,166.80"	1534114166.8	1534	114166.8
"1,535,163,707.34"	1535163707.34	1535	163707.34
"1,536,117,960.61"	1536117960.61	1536	117960.61
"153,777,251.65"	153777251.65	1537	77251.65
"1,538,182,436.78"	1538182436.78	1538	182436.78
"1,539,237,323.18"	1539237323.18	1539	237323.18
"1,540,115,880.56"	1540115880.56	1540	115880.56
"1,541,148,941.00"	1541148941	1541	148941
"1,542,144,506.84"	1542144506.84	1542	144506.84
"1,543,224,186.03"	1543224186.03	1543	224186.03
"154,479,012.39"	154479012.39	1544	79012.39
"1,545,102,327.33"	1545102327.33	1545	102327.33
"1,546,123,042.00"	1546123042	1546	123042
"1,547,138,174.00"	1547138174	1547	138174
"1,548,136,321.23"	1548136321.23	1548	136321.23
"1,549,113,514.50"	1549113514.5	1549	113514.5
"1,550,141,958.59"	1550141958.59	1550	141958.59
"1,551,115,972.35"	1551115972.35	1551	115972.35
"1,552,149,237.12"	1552149237.12	1552	149237.12
"1,553,143,457.41"	1553143457.41	1553	143457.41
"1,554,118,444.53"	1554118444.53	1554	118444.53
"1,555,170,690.50"	1555170690.5	1555	170690.5
"155,698,941.28"	155698941.28	1556	98941.28
"1,557,127,349.88"	1557127349.88	1557	127349.88
"155,895,911.93"	155895911.93	1558	95911.93
"1,559,122,967.21"	1559122967.21	1559	122967.21
"1,560,153,268.53"	1560153268.53	1560	153268.53
"1,561,157,746.58"	1561157746.58	1561	157746.58
"1,562,125,925.84"	1562125925.84	1562	125925.84
"1,563,124,388.43"	1563124388.43	1563	124388.43
"1,564,163,589.86"	1564163589.86	1564	163589.86
"1,565,156,006.77"	1565156006.77	1565	156006.77
"1,566,217,949.38"	1566217949.38	1566	217949.38
"156,779,201.15"	156779201.15	1567	79201.15
"1,568,221,753.89"	1568221753.89	1568	221753.89
"1,569,142,028.32"	1569142028.32	1569	142028.32
"1,570,126,818.80"	1570126818.8	1570	126818.8
"1,571,133,620.28"	1571133620.28	1571	133620.28
"1,572,144,474.87"	1572144474.87	1572	144474.87
"1,573,232,232.45"	1573232232.45	1573	232232.45
"1,574,117,143.73"	1574117143.73	1574	117143.73
"1,575,211,315.65"	1575211315.65	1575	211315.65
"1,576,211,846.00"	1576211846	1576	211846
"1,577,209,100.68"	1577209100.68	1577	209100.68
"1,578,154,604.74"	1578154604.74	1578	154604.74
"1,579,140,421.89"	1579140421.89	1579	140421.89
"1,580,191,323.30"	1580191323.3	1580	191323.3
"1,581,141,398.79"	1581141398.79	1581	141398.79
"1,582,129,623.10"	1582129623.1	1582	129623.1
"1,583,330,647.93"	1583330647.93	1583	330647.93
"1,584,240,397.96"	1584240397.96	1584	240397.96
"1,585,141,499.50"	1585141499.5	1585	141499.5
"158,674,730.82"	158674730.82	1586	74730.82
"1,587,104,647.93"	1587104647.93	1587	104647.93
"1,588,149,634.21"	1588149634.21	1588	149634.21
"1,589,100,902.91"	1589100902.91	1589	100902.91
"1,590,132,734.75"	1590132734.75	1590	132734.75
"1,591,108,047.32"	1591108047.32	1591	108047.32
"1,592,126,248.45"	1592126248.45	1592	126248.45
"1,593,118,485.34"	1593118485.34	1593	118485.34
"1,594,139,085.64"	1594139085.64	1594	139085.64
"1,595,127,817.48"	1595127817.48	1595	127817.48
"1,596,241,425.90"	1596241425.9	1596	241425.9
"1,597,161,318.09"	1597161318.09	1597	161318.09
"1,598,179,890.85"	1598179890.85	1598	179890.85
"1,599,216,500.05"	1599216500.05	1599	216500.05
"1,600,193,770.80"	1600193770.8	1600	193770.8
"160,180,666.00"	160180666	1601	80666
"1,602,116,900.53"	1602116900.53	1602	116900.53
"160,397,220.55"	160397220.55	1603	97220.55
"1,604,277,243.26"	1604277243.26	1604	277243.26
"1,605,248,150.13"	1605248150.13	1605	248150.13
"1,606,166,394.00"	1606166394	1606	166394
"1,607,164,378.50"	1607164378.5	1607	164378.5
"1,608,218,806.92"	1608218806.92	1608	218806.92
"1,609,204,288.65"	1609204288.65	1609	204288.65
"1,610,162,086.45"	1610162086.45	1610	162086.45
"1,611,150,900.37"	1611150900.37	1611	150900.37
"1,612,156,298.52"	1612156298.52	1612	156298.52
"1,613,168,668.10"	1613168668.1	1613	168668.1
"1,614,124,080.52"	1614124080.52	1614	124080.52
"161,585,568.00"	161585568	1615	85568
"161,681,830.00"	161681830	1616	81830
"161,785,777.92"	161785777.92	1617	85777.92
"1,618,127,083.00"	1618127083	1618	127083
"1,619,134,205.00"	1619134205	1619	134205
"1,620,156,812.41"	1620156812.41	1620	156812.41
"1,621,137,345.45"	1621137345.45	1621	137345.45
"1,622,151,108.55"	1622151108.55	1622	151108.55
"1,623,289,493.69"	1623289493.69	1623	289493.69
"1,624,215,670.10"	1624215670.1	1624	215670.1
"1,625,132,572.50"	1625132572.5	1625	132572.5
"1,626,170,955.50"	1626170955.5	1626	170955.5
"1,627,187,976.00"	1627187976	1627	187976
"1,628,283,063.32"	1628283063.32	1628	283063.32
"1,629,175,929.00"	1629175929	1629	175929
"1,630,350,271.34"	1630350271.34	1630	350271.34
"1,631,223,590.84"	1631223590.84	1631	223590.84
"1,632,246,269.62"	1632246269.62	1632	246269.62
"1,633,168,065.57"	1633168065.57	1633	168065.57
"1,634,184,097.46"	1634184097.46	1634	184097.46
"1,635,179,986.00"	1635179986	1635	179986
"1,636,162,704.19"	1636162704.19	1636	162704.19
"1,637,172,050.94"	1637172050.94	1637	172050.94
"1,638,219,887.28"	1638219887.28	1638	219887.28
"1,639,179,581.50"	1639179581.5	1639	179581.5
"1,640,250,380.00"	1640250380	1640	250380
"1,641,182,273.00"	1641182273	1641	182273
"1,642,222,206.04"	1642222206.04	1642	222206.04
"1,643,220,835.20"	1643220835.2	1643	220835.2
"1,644,218,098.87"	1644218098.87	1644	218098.87
"1,645,176,569.02"	1645176569.02	1645	176569.02
"1,646,154,385.37"	1646154385.37	1646	154385.37
"1,647,162,168.50"	1647162168.5	1647	162168.5
"1,648,141,091.10"	1648141091.1	1648	141091.1
"1,649,138,770.95"	1649138770.95	1649	138770.95
"1,650,123,479.37"	1650123479.37	1650	123479.37
"1,651,121,156.95"	1651121156.95	1651	121156.95
"165,291,979.00"	165291979	1652	91979
"165,397,368.75"	165397368.75	1653	97368.75
"1,654,157,153.50"	1654157153.5	1654	157153.5
"1,655,157,896.90"	1655157896.9	1655	157896.9
"1,656,151,593.50"	1656151593.5	1656	151593.5
"1,657,154,521.25"	1657154521.25	1657	154521.25
"1,658,152,262.35"	1658152262.35	1658	152262.35
"1,659,146,037.35"	1659146037.35	1659	146037.35
"1,660,147,678.75"	1660147678.75	1660	147678.75
"1,661,436,074.42"	1661436074.42	1661	436074.42
"1,662,397,941.69"	1662397941.69	1662	397941.69
"1,663,373,645.57"	1663373645.57	1663	373645.57
"1,664,458,996.75"	1664458996.75	1664	458996.75
"1,665,312,000.57"	1665312000.57	1665	312000.57
"1,666,325,174.01"	1666325174.01	1666	325174.01
"1,667,348,816.71"	1667348816.71	1667	348816.71
"1,668,325,731.09"	1668325731.09	1668	325731.09
"1,669,303,907.37"	1669303907.37	1669	303907.37
"1,670,329,804.25"	1670329804.25	1670	329804.25
"1,671,265,542.81"	1671265542.81	1671	265542.81
"1,672,472,591.50"	1672472591.5	1672	472591.5
"1,673,301,183.33"	1673301183.33	1673	301183.33
"1,674,254,412.38"	1674254412.38	1674	254412.38
"1,675,190,044.04"	1675190044.04	1675	190044.04
"1,676,192,278.96"	1676192278.96	1676	192278.96
"1,677,212,651.55"	1677212651.55	1677	212651.55
"1,678,474,114.83"	1678474114.83	1678	474114.83
"1,679,384,802.49"	1679384802.49	1679	384802.49
"1,680,319,619.87"	1680319619.87	1680	319619.87
"1,681,265,023.84"	1681265023.84	1681	265023.84
"1,682,300,459.51"	1682300459.51	1682	300459.51
"1,683,185,959.68"	1683185959.68	1683	185959.68
"1,684,171,055.80"	1684171055.8	1684	171055.8
"1,685,174,698.22"	1685174698.22	1685	174698.22
"1,686,169,349.75"	1686169349.75	1686	169349.75
"1,687,168,284.41"	1687168284.41	1687	168284.41
"1,688,185,347.20"	1688185347.2	1688	185347.2
"1,689,187,363.54"	1689187363.54	1689	187363.54
"1,690,182,942.65"	1690182942.65	1690	182942.65
"1,691,175,100.77"	1691175100.77	1691	175100.77
"1,692,269,426.16"	1692269426.16	1692	269426.16
"1,693,171,177.17"	1693171177.17	1693	171177.17
"1,694,186,709.80"	1694186709.8	1694	186709.8
"1,695,169,628.67"	1695169628.67	1695	169628.67
"1,696,264,440.74"	1696264440.74	1696	264440.74
"1,697,172,327.17"	1697172327.17	1697	172327.17
"1,698,344,674.15"	1698344674.15	1698	344674.15
"1,699,331,489.79"	1699331489.79	1699	331489.79
"1,700,245,678.52"	1700245678.52	1700	245678.52
"1,701,263,216.72"	1701263216.72	1701	263216.72
"1,702,255,973.79"	1702255973.79	1702	255973.79
"1,703,255,468.23"	1703255468.23	1703	255468.23
"1,704,291,747.89"	1704291747.89	1704	291747.89
"1,705,239,433.41"	1705239433.41	1705	239433.41
"1,706,458,878.91"	1706458878.91	1706	458878.91
"1,707,220,407.18"	1707220407.18	1707	220407.18
"1,708,219,795.20"	1708219795.2	1708	219795.2
"1,709,280,870.46"	1709280870.46	1709	280870.46
"1,710,225,569.60"	1710225569.6	1710	225569.6
"1,711,262,986.56"	1711262986.56	1711	262986.56
"1,712,237,783.85"	1712237783.85	1712	237783.85
"1,713,246,258.96"	1713246258.96	1713	246258.96
"1,714,224,631.89"	1714224631.89	1714	224631.89
"1,715,201,730.15"	1715201730.15	1715	201730.15
"1,716,171,009.95"	1716171009.95	1716	171009.95
"1,717,160,552.75"	1717160552.75	1717	160552.75
"1,718,136,579.37"	1718136579.37	1718	136579.37
"1,719,203,576.02"	1719203576.02	1719	203576.02
"1,720,248,488.90"	1720248488.9	1720	248488.9
"1,721,163,714.49"	1721163714.49	1721	163714.49
"1,722,123,170.59"	1722123170.59	1722	123170.59
"1,723,151,072.50"	1723151072.5	1723	151072.5
"1,724,217,093.54"	1724217093.54	1724	217093.54
"1,725,233,930.76"	1725233930.76	1725	233930.76
"1,726,186,014.30"	1726186014.3	1726	186014.3
"1,727,174,868.86"	1727174868.86	1727	174868.86
"1,728,187,800.21"	1728187800.21	1728	187800.21
"1,729,164,885.49"	1729164885.49	1729	164885.49
"1,730,157,500.14"	1730157500.14	1730	157500.14
"1,731,119,430.08"	1731119430.08	1731	119430.08
"1,732,134,942.13"	1732134942.13	1732	134942.13
"1,733,127,052.43"	1733127052.43	1733	127052.43
"1,734,131,604.87"	1734131604.87	1734	131604.87
"1,735,131,790.00"	1735131790	1735	131790
"1,736,115,105.66"	1736115105.66	1736	115105.66
"1,737,354,770.09"	1737354770.09	1737	354770.09
"1,738,218,937.26"	1738218937.26	1738	218937.26
"1,739,270,710.32"	1739270710.32	1739	270710.32
"1,740,189,049.66"	1740189049.66	1740	189049.66
"1,741,178,775.04"	1741178775.04	1741	178775.04
"1,742,173,900.50"	1742173900.5	1742	173900.5
"1,743,173,691.00"	1743173691	1743	173691
"1,744,318,000.51"	1744318000.51	1744	318000.51
"1,745,243,621.87"	1745243621.87	1745	243621.87
"1,746,268,918.36"	1746268918.36	1746	268918.36
"1,747,223,621.84"	1747223621.84	1747	223621.84
"1,748,206,473.50"	1748206473.5	1748	206473.5
"1,749,162,268.50"	1749162268.5	1749	162268.5
"1,750,151,523.50"	1750151523.5	1750	151523.5
"1,751,231,593.18"	1751231593.18	1751	231593.18
"1,752,123,856.00"	1752123856	1752	123856
"1,753,148,511.71"	1753148511.71	1753	148511.71
"1,754,229,428.38"	1754229428.38	1754	229428.38
"1,755,167,299.33"	1755167299.33	1755	167299.33
"1,756,122,430.66"	1756122430.66	1756	122430.66
"1,757,121,246.32"	1757121246.32	1757	121246.32
"1,758,147,102.33"	1758147102.33	1758	147102.33
"1,759,166,075.00"	1759166075	1759	166075
"1,760,159,859.00"	1760159859	1760	159859
"1,761,152,474.70"	1761152474.7	1761	152474.7
"1,762,173,486.53"	1762173486.53	1762	173486.53
"1,763,172,137.00"	1763172137	1763	172137
"1,764,117,722.44"	1764117722.44	1764	117722.44
"1,765,176,495.51"	1765176495.51	1765	176495.51
"1,766,165,353.50"	1766165353.5	1766	165353.5
"1,767,206,920.50"	1767206920.5	1767	206920.5
"1,768,139,766.00"	1768139766	1768	139766
"1,769,161,150.21"	1769161150.21	1769	161150.21
"1,770,139,613.75"	1770139613.75	1770	139613.75
"1,771,138,681.00"	1771138681	1771	138681
"1,772,144,551.08"	1772144551.08	1772	144551.08
"1,773,144,104.00"	1773144104	1773	144104
"1,774,134,110.92"	1774134110.92	1774	134110.92
"1,775,131,873.00"	1775131873	1775	131873
"1,776,119,165.76"	1776119165.76	1776	119165.76
"1,777,118,456.58"	1777118456.58	1777	118456.58
"1,778,131,727.75"	1778131727.75	1778	131727.75
"1,779,114,834.93"	1779114834.93	1779	114834.93
"1,780,175,413.02"	1780175413.02	1780	175413.02
"1,781,132,001.50"	1781132001.5	1781	132001.5
"178,295,787.36"	178295787.36	1782	95787.36
"1,783,132,195.51"	1783132195.51	1783	132195.51
"178,493,092.10"	178493092.1	1784	93092.1
"1,785,116,067.25"	1785116067.25	1785	116067.25
"1,786,144,450.32"	1786144450.32	1786	144450.32
"1,787,168,448.70"	1787168448.7	1787	168448.7
"178,859,813.22"	178859813.22	1788	59813.22
"1,789,100,930.58"	1789100930.58	1789	100930.58
"179,088,026.41"	179088026.41	1790	88026.41
"1,791,167,625.37"	1791167625.37	1791	167625.37
"1,792,151,159.75"	1792151159.75	1792	151159.75
"1,793,134,788.00"	1793134788	1793	134788
"1,794,142,325.83"	1794142325.83	1794	142325.83
"1,795,137,968.75"	1795137968.75	1795	137968.75
"1,796,118,467.26"	1796118467.26	1796	118467.26
"1,797,120,544.23"	1797120544.23	1797	120544.23
"1,798,127,006.75"	1798127006.75	1798	127006.75
"1,799,115,653.99"	1799115653.99	1799	115653.99
"1,800,127,445.00"	1800127445	1800	127445
"1,801,131,972.34"	1801131972.34	1801	131972.34
"1,802,155,493.89"	1802155493.89	1802	155493.89
"1,803,157,390.42"	1803157390.42	1803	157390.42
"1,804,141,305.70"	1804141305.7	1804	141305.7
"1,805,134,135.00"	1805134135	1805	134135
"1,806,115,999.04"	1806115999.04	1806	115999.04
"1,807,146,484.50"	1807146484.5	1807	146484.5
"1,808,119,635.63"	1808119635.63	1808	119635.63
"1,809,129,037.99"	1809129037.99	1809	129037.99
"1,810,143,439.34"	1810143439.34	1810	143439.34
"1,811,116,733.17"	1811116733.17	1811	116733.17
"1,812,117,718.87"	1812117718.87	1812	117718.87
"1,813,121,683.04"	1813121683.04	1813	121683.04
"1,814,107,099.01"	1814107099.01	1814	107099.01
"181,558,584.32"	181558584.32	1815	58584.32
"1,816,104,477.00"	1816104477	1816	104477
"1,817,128,190.64"	1817128190.64	1817	128190.64
"1,818,133,065.00"	1818133065	1818	133065
"1,819,115,628.86"	1819115628.86	1819	115628.86
"182,082,310.80"	182082310.8	1820	82310.8
"1,821,120,665.04"	1821120665.04	1821	120665.04
"1,822,146,948.45"	1822146948.45	1822	146948.45
"182,361,831.63"	182361831.63	1823	61831.63
"1,824,134,388.68"	1824134388.68	1824	134388.68
"1,825,137,630.51"	1825137630.51	1825	137630.51
"1,826,104,399.50"	1826104399.5	1826	104399.5
"1,827,110,281.31"	1827110281.31	1827	110281.31
"1,828,135,923.71"	1828135923.71	1828	135923.71
"1,829,112,029.46"	1829112029.46	1829	112029.46
"1,830,147,268.50"	1830147268.5	1830	147268.5
"1,831,167,640.00"	1831167640	1831	167640
"1,832,113,276.64"	1832113276.64	1832	113276.64
"1,833,145,540.50"	1833145540.5	1833	145540.5
"1,834,137,383.14"	1834137383.14	1834	137383.14
"1,835,174,043.40"	1835174043.4	1835	174043.4
"1,836,129,416.18"	1836129416.18	1836	129416.18
"1,837,102,281.97"	1837102281.97	1837	102281.97
"1,838,137,071.41"	1838137071.41	1838	137071.41
"183,987,549.21"	183987549.21	1839	87549.21
"1,840,163,186.74"	1840163186.74	1840	163186.74
"1,841,146,823.63"	1841146823.63	1841	146823.63
"184,289,579.72"	184289579.72	1842	89579.72
"1,843,140,306.58"	1843140306.58	1843	140306.58
"1,844,137,775.60"	1844137775.6	1844	137775.6
"1,845,137,325.40"	1845137325.4	1845	137325.4
"1,846,150,586.00"	1846150586	1846	150586
"1,847,148,645.51"	1847148645.51	1847	148645.51
"184,863,138.44"	184863138.44	1848	63138.44
"1,849,120,914.64"	1849120914.64	1849	120914.64
"1,850,128,251.41"	1850128251.41	1850	128251.41
"1,851,150,924.33"	1851150924.33	1851	150924.33
"1,852,129,017.18"	1852129017.18	1852	129017.18
"1,853,132,624.51"	1853132624.51	1853	132624.51
"1,854,173,905.50"	1854173905.5	1854	173905.5
"1,855,145,567.73"	1855145567.73	1855	145567.73
"1,856,223,905.23"	1856223905.23	1856	223905.23
"1,857,158,787.55"	1857158787.55	1857	158787.55
"1,858,141,579.38"	1858141579.38	1858	141579.38
"1,859,120,822.86"	1859120822.86	1859	120822.86
"1,860,153,404.14"	1860153404.14	1860	153404.14
"1,861,120,507.86"	1861120507.86	1861	120507.86
"1,862,270,150.66"	1862270150.66	1862	270150.66
"1,863,268,045.38"	1863268045.38	1863	268045.38
"1,864,268,045.38"	1864268045.38	1864	268045.38
"1,865,328,922.23"	1865328922.23	1865	328922.23
"1,866,323,479.43"	1866323479.43	1866	323479.43
"1,867,245,053.69"	1867245053.69	1867	245053.69
"1,868,303,016.94"	1868303016.94	1868	303016.94
"1,869,194,325.28"	1869194325.28	1869	194325.28
"1,870,252,423.93"	1870252423.93	1870	252423.93
"1,871,255,338.36"	1871255338.36	1871	255338.36
"1,872,170,438.45"	1872170438.45	1872	170438.45
"1,873,228,886.36"	1873228886.36	1873	228886.36
"1,874,138,428.50"	1874138428.5	1874	138428.5
"1,875,205,428.41"	1875205428.41	1875	205428.41
"1,876,194,064.30"	1876194064.3	1876	194064.3
"1,877,209,598.81"	1877209598.81	1877	209598.81
"1,878,214,163.22"	1878214163.22	1878	214163.22
"1,879,133,323.50"	1879133323.5	1879	133323.5
"1,880,138,678.40"	1880138678.4	1880	138678.4
"1,881,236,184.77"	1881236184.77	1881	236184.77
"1,882,261,829.44"	1882261829.44	1882	261829.44
"1,883,197,576.99"	1883197576.99	1883	197576.99
"1,884,216,688.23"	1884216688.23	1884	216688.23
"1,885,256,821.52"	1885256821.52	1885	256821.52
"1,886,293,800.36"	1886293800.36	1886	293800.36
"1,887,201,888.71"	1887201888.71	1887	201888.71
"1,888,283,164.50"	1888283164.5	1888	283164.5
"1,889,163,183.94"	1889163183.94	1889	163183.94
"1,890,137,323.58"	1890137323.58	1890	137323.58
"1,891,142,049.66"	1891142049.66	1891	142049.66
"1,892,109,430.93"	1892109430.93	1892	109430.93
"1,893,141,507.84"	1893141507.84	1893	141507.84
"1,894,128,248.19"	1894128248.19	1894	128248.19
"1,895,147,566.71"	1895147566.71	1895	147566.71
"1,896,123,749.00"	1896123749	1896	123749
"1,897,118,947.34"	1897118947.34	1897	118947.34
"1,898,109,127.04"	1898109127.04	1898	109127.04
"1,899,128,397.75"	1899128397.75	1899	128397.75
"1,900,145,958.58"	1900145958.58	1900	145958.58
"1,901,164,197.00"	1901164197	1901	164197
"1,902,138,100.90"	1902138100.9	1902	138100.9
"1,903,223,703.58"	1903223703.58	1903	223703.58
"1,904,136,567.50"	1904136567.5	1904	136567.5
"1,905,179,097.50"	1905179097.5	1905	179097.5
"1,906,150,859.64"	1906150859.64	1906	150859.64
"1,907,204,640.00"	1907204640	1907	204640
"1,908,115,992.83"	1908115992.83	1908	115992.83
"1,909,134,311.32"	1909134311.32	1909	134311.32
"1,910,123,633.33"	1910123633.33	1910	123633.33
"1,911,194,564.20"	1911194564.2	1911	194564.2
"1,912,263,101.05"	1912263101.05	1912	263101.05
"1,913,146,178.54"	1913146178.54	1913	146178.54
"191,467,835.14"	191467835.14	1914	67835.14
"1,915,335,021.22"	1915335021.22	1915	335021.22
"191,670,864.05"	191670864.05	1916	70864.05
"1,917,256,510.84"	1917256510.84	1917	256510.84
"1,918,135,949.00"	1918135949	1918	135949
"1,919,157,706.80"	1919157706.8	1919	157706.8
"1,920,155,484.96"	1920155484.96	1920	155484.96
"1,921,409,653.01"	1921409653.01	1921	409653.01
"1,922,327,092.94"	1922327092.94	1922	327092.94
"1,923,205,028.06"	1923205028.06	1923	205028.06
"1,924,240,632.91"	1924240632.91	1924	240632.91
"1,925,225,428.32"	1925225428.32	1925	225428.32
"1,926,380,238.66"	1926380238.66	1926	380238.66
"1,927,140,111.87"	1927140111.87	1927	140111.87
"1,928,157,573.87"	1928157573.87	1928	157573.87
"1,929,124,318.59"	1929124318.59	1929	124318.59
"1,930,126,131.35"	1930126131.35	1930	126131.35
"1,931,140,498.20"	1931140498.2	1931	140498.2
"1,932,136,451.53"	1932136451.53	1932	136451.53
"1,933,173,985.08"	1933173985.08	1933	173985.08
"1,934,183,527.50"	1934183527.5	1934	183527.5
"1,935,176,554.84"	1935176554.84	1935	176554.84
"1,936,188,035.74"	1936188035.74	1936	188035.74
"1,937,182,942.57"	1937182942.57	1937	182942.57
"1,938,171,220.87"	1938171220.87	1938	171220.87
"1,939,245,403.84"	1939245403.84	1939	245403.84
"1,940,201,182.37"	1940201182.37	1940	201182.37
"1,941,177,113.09"	1941177113.09	1941	177113.09
"1,942,193,577.85"	1942193577.85	1942	193577.85
"1,943,198,175.22"	1943198175.22	1943	198175.22
"1,944,320,873.90"	1944320873.9	1944	320873.9
"1,945,368,920.34"	1945368920.34	1945	368920.34
"1,946,161,965.14"	1946161965.14	1946	161965.14
"1,947,315,595.92"	1947315595.92	1947	315595.92
"1,948,172,762.00"	1948172762	1948	172762
"1,949,244,028.82"	1949244028.82	1949	244028.82
"1,950,178,280.48"	1950178280.48	1950	178280.48
"1,951,270,904.20"	1951270904.2	1951	270904.2
"1,952,249,183.61"	1952249183.61	1952	249183.61
"1,953,163,197.30"	1953163197.3	1953	163197.3
"1,954,213,357.90"	1954213357.9	1954	213357.9
"1,955,127,480.33"	1955127480.33	1955	127480.33
"1,956,276,380.03"	1956276380.03	1956	276380.03
"1,957,161,036.86"	1957161036.86	1957	161036.86
"1,958,316,091.89"	1958316091.89	1958	316091.89
"1,959,142,562.83"	1959142562.83	1959	142562.83
"1,960,115,808.24"	1960115808.24	1960	115808.24
"1,961,121,399.75"	1961121399.75	1961	121399.75
"196,294,168.00"	196294168	1962	94168
"1,963,101,564.00"	1963101564	1963	101564
"1,964,112,808.83"	1964112808.83	1964	112808.83
"1,965,152,643.90"	1965152643.9	1965	152643.9
"1,966,156,305.65"	1966156305.65	1966	156305.65
"1,967,290,805.74"	1967290805.74	1967	290805.74
"1,968,394,296.22"	1968394296.22	1968	394296.22
"1,969,382,741.74"	1969382741.74	1969	382741.74
"1,970,434,163.47"	1970434163.47	1970	434163.47
"1,971,412,115.90"	1971412115.9	1971	412115.9
"1,972,356,215.86"	1972356215.86	1972	356215.86
"1,973,268,217.85"	1973268217.85	1973	268217.85
"1,974,311,702.00"	1974311702	1974	311702
"1,975,471,983.01"	1975471983.01	1975	471983.01
"1,976,273,766.60"	1976273766.6	1976	273766.6
"1,977,359,889.86"	1977359889.86	1977	359889.86
"1,978,359,943.47"	1978359943.47	1978	359943.47
"1,979,329,931.57"	1979329931.57	1979	329931.57
"1,980,192,009.91"	1980192009.91	1980	192009.91
"1,981,336,949.45"	1981336949.45	1981	336949.45
"1,982,235,908.73"	1982235908.73	1982	235908.73
"1,983,220,258.20"	1983220258.2	1983	220258.2
"1,984,167,961.00"	1984167961	1984	167961
"1,985,210,848.99"	1985210848.99	1985	210848.99
"1,986,207,183.75"	1986207183.75	1986	207183.75
"1,987,184,550.28"	1987184550.28	1987	184550.28
"1,988,178,106.54"	1988178106.54	1988	178106.54
"1,989,186,642.99"	1989186642.99	1989	186642.99
"1,990,219,599.90"	1990219599.9	1990	219599.9
"1,991,217,567.12"	1991217567.12	1991	217567.12
"1,992,215,261.63"	1992215261.63	1992	215261.63
"1,993,174,037.49"	1993174037.49	1993	174037.49
"1,994,243,325.30"	1994243325.3	1994	243325.3
"1,995,181,843.00"	1995181843	1995	181843
"1,996,255,138.56"	1996255138.56	1996	255138.56
"1,997,331,008.06"	1997331008.06	1997	331008.06
"1,998,339,266.76"	1998339266.76	1998	339266.76
"1,999,256,947.75"	1999256947.75	1999	256947.75
"2,000,308,544.40"	2000308544.4	2000	308544.4
"2,001,266,926.89"	2001266926.89	2001	266926.89
"2,002,239,265.16"	2002239265.16	2002	239265.16
"2,003,253,222.93"	2003253222.93	2003	253222.93
"2,004,264,316.27"	2004264316.27	2004	264316.27
"2,005,228,624.18"	2005228624.18	2005	228624.18
"2,006,221,004.36"	2006221004.36	2006	221004.36
"2,007,256,561.95"	2007256561.95	2007	256561.95
"2,008,214,645.53"	2008214645.53	2008	214645.53
"2,009,189,275.82"	2009189275.82	2009	189275.82
"2,010,189,817.70"	2010189817.7	2010	189817.7
"2,011,144,423.42"	2011144423.42	2011	144423.42
"2,012,180,485.51"	2012180485.51	2012	180485.51
"2,013,180,741.85"	2013180741.85	2013	180741.85
"2,014,189,987.00"	2014189987	2014	189987
"2,015,192,936.21"	2015192936.21	2015	192936.21
"2,016,193,972.50"	2016193972.5	2016	193972.5
"2,017,205,617.25"	2017205617.25	2017	205617.25
"2,018,125,203.33"	2018125203.33	2018	125203.33
"2,019,135,579.20"	2019135579.2	2019	135579.2
"2,020,122,236.00"	2020122236	2020	122236
"2,021,117,004.91"	2021117004.91	2021	117004.91
"2,022,177,074.90"	2022177074.9	2022	177074.9
"2,023,153,313.02"	2023153313.02	2023	153313.02
"2,024,216,106.18"	2024216106.18	2024	216106.18
"2,025,362,003.42"	2025362003.42	2025	362003.42
"2,026,186,384.00"	2026186384	2026	186384
"2,027,146,135.25"	2027146135.25	2027	146135.25
"2,028,154,053.16"	2028154053.16	2028	154053.16
"2,029,170,207.50"	2029170207.5	2029	170207.5
"2,030,292,225.08"	2030292225.08	2030	292225.08
"2,031,260,263.91"	2031260263.91	2031	260263.91
"2,032,286,638.20"	2032286638.2	2032	286638.2
"2,033,279,875.76"	2033279875.76	2033	279875.76
"2,034,164,206.25"	2034164206.25	2034	164206.25
"2,035,204,468.60"	2035204468.6	2035	204468.6
"2,036,190,854.00"	2036190854	2036	190854
"2,037,200,950.56"	2037200950.56	2037	200950.56
"2,038,316,923.51"	2038316923.51	2038	316923.51
"2,039,205,619.28"	2039205619.28	2039	205619.28
"2,040,400,171.55"	2040400171.55	2040	400171.55
"2,041,281,637.31"	2041281637.31	2041	281637.31
"2,042,205,079.30"	2042205079.3	2042	205079.3
"2,043,162,738.50"	2043162738.5	2043	162738.5
"2,044,175,228.33"	2044175228.33	2044	175228.33
"2,045,232,340.69"	2045232340.69	2045	232340.69
"2,046,137,185.92"	2046137185.92	2046	137185.92
"2,047,157,247.24"	2047157247.24	2047	157247.24
"2,048,131,991.43"	2048131991.43	2048	131991.43
"2,049,135,054.07"	2049135054.07	2049	135054.07
"2,050,173,087.60"	2050173087.6	2050	173087.6
"2,051,107,068.76"	2051107068.76	2051	107068.76
"2,052,134,473.50"	2052134473.5	2052	134473.5
"2,053,140,820.75"	2053140820.75	2053	140820.75
"205,484,299.42"	205484299.42	2054	84299.42
"2,055,159,183.95"	2055159183.95	2055	159183.95
"2,056,127,535.25"	2056127535.25	2056	127535.25
"2,057,129,394.50"	2057129394.5	2057	129394.5
"2,058,215,233.30"	2058215233.3	2058	215233.3
"2,059,130,481.45"	2059130481.45	2059	130481.45
"2,060,162,606.25"	2060162606.25	2060	162606.25
"2,061,171,186.74"	2061171186.74	2061	171186.74
"2,062,137,928.25"	2062137928.25	2062	137928.25
"2,063,114,042.17"	2063114042.17	2063	114042.17
"2,064,135,354.50"	2064135354.5	2064	135354.5
"2,065,121,967.08"	2065121967.08	2065	121967.08
"2,066,174,740.14"	2066174740.14	2066	174740.14
"2,067,134,160.02"	2067134160.02	2067	134160.02
"2,068,134,401.15"	2068134401.15	2068	134401.15
"206,985,627.93"	206985627.93	2069	85627.93
"2,070,111,736.00"	2070111736	2070	111736
"207,194,646.93"	207194646.93	2071	94646.93
"2,072,135,707.21"	2072135707.21	2072	135707.21
"2,073,137,730.00"	2073137730	2073	137730
"2,074,177,277.69"	2074177277.69	2074	177277.69
"2,075,145,991.25"	2075145991.25	2075	145991.25
"2,076,122,206.08"	2076122206.08	2076	122206.08
"2,077,148,093.00"	2077148093	2077	148093
"2,078,130,137.33"	2078130137.33	2078	130137.33
"2,079,128,993.82"	2079128993.82	2079	128993.82
"2,080,115,708.30"	2080115708.3	2080	115708.3
"2,081,120,539.54"	2081120539.54	2081	120539.54
"2,082,132,622.32"	2082132622.32	2082	132622.32
"2,083,141,450.50"	2083141450.5	2083	141450.5
"2,084,114,047.83"	2084114047.83	2084	114047.83
"2,085,131,905.50"	2085131905.5	2085	131905.5
"2,086,115,324.13"	2086115324.13	2086	115324.13
"2,087,122,215.76"	2087122215.76	2087	122215.76
"2,088,111,587.99"	2088111587.99	2088	111587.99
"208,994,188.30"	208994188.3	2089	94188.3
"2,090,133,691.67"	2090133691.67	2090	133691.67
"2,091,127,356.87"	2091127356.87	2091	127356.87
"2,092,134,486.44"	2092134486.44	2092	134486.44
"2,093,140,894.34"	2093140894.34	2093	140894.34
"2,094,139,848.70"	2094139848.7	2094	139848.7
"2,095,152,848.00"	2095152848	2095	152848
"209,691,359.86"	209691359.86	2096	91359.86
"209,797,071.00"	209797071	2097	97071
"2,098,147,380.98"	2098147380.98	2098	147380.98
"209,964,643.72"	209964643.72	2099	64643.72
"2,100,118,196.00"	2100118196	2100	118196
"2,101,125,418.75"	2101125418.75	2101	125418.75
"2,102,147,716.75"	2102147716.75	2102	147716.75
"2,103,103,385.54"	2103103385.54	2103	103385.54
"2,104,137,784.24"	2104137784.24	2104	137784.24
"2,105,133,099.09"	2105133099.09	2105	133099.09
"210,679,487.15"	210679487.15	2106	79487.15
"2,107,257,136.01"	2107257136.01	2107	257136.01
"2,108,119,736.08"	2108119736.08	2108	119736.08
"2,109,113,691.32"	2109113691.32	2109	113691.32
"2,110,123,413.10"	2110123413.1	2110	123413.1
"2,111,162,006.40"	2111162006.4	2111	162006.4
"2,112,135,991.55"	2112135991.55	2112	135991.55
"2,113,119,208.00"	2113119208	2113	119208
"2,114,108,509.58"	2114108509.58	2114	108509.58
"2,115,152,542.00"	2115152542	2115	152542
"2,116,113,689.50"	2116113689.5	2116	113689.5
"2,117,145,755.52"	2117145755.52	2117	145755.52
"2,118,118,642.00"	2118118642	2118	118642
"2,119,110,706.80"	2119110706.8	2119	110706.8
"2,120,112,096.00"	2120112096	2120	112096
"2,121,111,245.05"	2121111245.05	2121	111245.05
"2,122,102,359.47"	2122102359.47	2122	102359.47
"212,394,777.14"	212394777.14	2123	94777.14
"2,124,193,984.87"	2124193984.87	2124	193984.87
"2,125,132,357.53"	2125132357.53	2125	132357.53
"2,126,165,008.40"	2126165008.4	2126	165008.4
"2,127,148,191.31"	2127148191.31	2127	148191.31
"2,128,135,072.07"	2128135072.07	2128	135072.07
"2,129,103,159.00"	2129103159	2129	103159
"2,130,140,909.62"	2130140909.62	2130	140909.62
"2,131,158,462.14"	2131158462.14	2131	158462.14
"2,132,111,896.52"	2132111896.52	2132	111896.52
"2,133,115,274.48"	2133115274.48	2133	115274.48
"2,134,118,960.89"	2134118960.89	2134	118960.89
"2,135,105,115.17"	2135105115.17	2135	105115.17
"213,680,750.43"	213680750.43	2136	80750.43
"2,137,113,912.49"	2137113912.49	2137	113912.49
"2,138,135,985.50"	2138135985.5	2138	135985.5
"2,139,149,455.00"	2139149455	2139	149455
"2,140,136,129.50"	2140136129.5	2140	136129.5
"2,141,140,011.00"	2141140011	2141	140011
"2,142,135,993.00"	2142135993	2142	135993
"2,143,145,837.90"	2143145837.9	2143	145837.9
"2,144,123,474.57"	2144123474.57	2144	123474.57
"2,145,136,350.00"	2145136350	2145	136350
"2,146,143,951.65"	2146143951.65	2146	143951.65
"2,147,158,997.50"	2147158997.5	2147	158997.5
"2,148,125,845.58"	2148125845.58	2148	125845.58
"2,149,135,180.10"	2149135180.1	2149	135180.1
"2,150,233,200.07"	2150233200.07	2150	233200.07
"2,151,132,694.12"	2151132694.12	2151	132694.12
"2,152,180,299.00"	2152180299	2152	180299
"2,153,158,451.50"	2153158451.5	2153	158451.5
"2,154,112,329.50"	2154112329.5	2154	112329.5
"2,155,126,361.41"	2155126361.41	2155	126361.41
"2,156,219,595.20"	2156219595.2	2156	219595.2
"2,157,242,040.19"	2157242040.19	2157	242040.19
"2,158,241,162.38"	2158241162.38	2158	241162.38
"2,159,217,451.90"	2159217451.9	2159	217451.9
"2,160,173,683.73"	2160173683.73	2160	173683.73
"2,161,249,700.24"	2161249700.24	2161	249700.24
"2,162,445,941.16"	2162445941.16	2162	445941.16
"2,163,342,203.15"	2163342203.15	2163	342203.15
"2,164,256,586.33"	2164256586.33	2164	256586.33
"2,165,171,070.92"	2165171070.92	2165	171070.92
"2,166,144,079.35"	2166144079.35	2166	144079.35
"2,167,210,808.65"	2167210808.65	2167	210808.65
"2,168,212,633.28"	2168212633.28	2168	212633.28
"2,169,192,024.11"	2169192024.11	2169	192024.11
"2,170,221,118.49"	2170221118.49	2170	221118.49
"2,171,141,252.64"	2171141252.64	2171	141252.64
"2,172,140,495.08"	2172140495.08	2172	140495.08
"2,173,156,124.63"	2173156124.63	2173	156124.63
"2,174,248,053.04"	2174248053.04	2174	248053.04
"2,175,304,951.66"	2175304951.66	2175	304951.66
"2,176,325,249.58"	2176325249.58	2176	325249.58
"2,177,254,120.11"	2177254120.11	2177	254120.11
"2,178,227,678.61"	2178227678.61	2178	227678.61
"2,179,146,761.00"	2179146761	2179	146761
"2,180,192,188.90"	2180192188.9	2180	192188.9
"2,181,192,894.88"	2181192894.88	2181	192894.88
"2,182,222,226.77"	2182222226.77	2182	222226.77
"2,183,193,199.43"	2183193199.43	2183	193199.43
"2,184,136,455.50"	2184136455.5	2184	136455.5
"2,185,131,229.00"	2185131229	2185	131229
"2,186,145,316.18"	2186145316.18	2186	145316.18
"2,187,146,105.00"	2187146105	2187	146105
"2,188,155,640.11"	2188155640.11	2188	155640.11
"2,189,181,036.12"	2189181036.12	2189	181036.12
"219,082,342.19"	219082342.19	2190	82342.19
"219,189,132.69"	219189132.69	2191	89132.69
"219,292,871.11"	219292871.11	2192	92871.11
"2,193,100,716.00"	2193100716	2193	100716
"2,194,100,397.58"	2194100397.58	2194	100397.58
"2,195,112,643.83"	2195112643.83	2195	112643.83
"2,196,106,316.73"	2196106316.73	2196	106316.73
"2,197,111,632.58"	2197111632.58	2197	111632.58
"2,198,160,260.95"	2198160260.95	2198	160260.95
"2,199,160,159.03"	2199160159.03	2199	160159.03
"2,200,133,677.83"	2200133677.83	2200	133677.83
"2,201,129,870.39"	2201129870.39	2201	129870.39
"2,202,191,410.41"	2202191410.41	2202	191410.41
"2,203,164,542.82"	2203164542.82	2203	164542.82
"2,204,169,192.00"	2204169192	2204	169192
"2,205,117,155.67"	2205117155.67	2205	117155.67
"2,206,135,637.25"	2206135637.25	2206	135637.25
"2,207,231,344.29"	2207231344.29	2207	231344.29
"2,208,234,696.83"	2208234696.83	2208	234696.83
"2,209,182,718.94"	2209182718.94	2209	182718.94
"2,210,121,184.76"	2210121184.76	2210	121184.76
"2,211,118,143.75"	2211118143.75	2211	118143.75
"2,212,111,510.12"	2212111510.12	2212	111510.12
"2,213,104,651.25"	2213104651.25	2213	104651.25
"2,214,146,470.14"	2214146470.14	2214	146470.14
"2,215,105,510.61"	2215105510.61	2215	105510.61
"2,216,148,338.55"	2216148338.55	2216	148338.55
"221,772,128.80"	221772128.8	2217	72128.8
"221,889,753.20"	221889753.2	2218	89753.2
"221,975,880.87"	221975880.87	2219	75880.87
"222,086,974.04"	222086974.04	2220	86974.04
"2,221,332,968.20"	2221332968.2	2221	332968.2
"2,222,251,469.39"	2222251469.39	2222	251469.39
"2,223,257,987.50"	2223257987.5	2223	257987.5
"2,224,214,237.34"	2224214237.34	2224	214237.34
"2,225,142,482.09"	2225142482.09	2225	142482.09
"2,226,177,796.00"	2226177796	2226	177796
"2,227,194,296.26"	2227194296.26	2227	194296.26
"2,228,281,227.15"	2228281227.15	2228	281227.15
"2,229,240,441.87"	2229240441.87	2229	240441.87
"2,230,163,536.21"	2230163536.21	2230	163536.21
"2,231,213,266.66"	2231213266.66	2231	213266.66
"2,232,180,770.44"	2232180770.44	2232	180770.44
"2,233,176,111.34"	2233176111.34	2233	176111.34
"2,234,256,131.41"	2234256131.41	2234	256131.41
"2,235,201,407.10"	2235201407.1	2235	201407.1
"2,236,268,692.95"	2236268692.95	2236	268692.95
"2,237,351,673.67"	2237351673.67	2237	351673.67
"2,238,206,263.75"	2238206263.75	2238	206263.75
"2,239,115,535.80"	2239115535.8	2239	115535.8
"2,240,163,092.00"	2240163092	2240	163092
"2,241,147,886.77"	2241147886.77	2241	147886.77
"2,242,138,043.20"	2242138043.2	2242	138043.2
"2,243,141,802.19"	2243141802.19	2243	141802.19
"224,498,288.50"	224498288.5	2244	98288.5
"224,593,431.93"	224593431.93	2245	93431.93
"2,246,144,103.25"	2246144103.25	2246	144103.25
"2,247,104,547.54"	2247104547.54	2247	104547.54
"2,248,124,834.00"	2248124834	2248	124834
"2,249,126,386.50"	2249126386.5	2249	126386.5
"2,250,139,663.10"	2250139663.1	2250	139663.1
"2,251,128,003.51"	2251128003.51	2251	128003.51
"2,252,179,175.00"	2252179175	2252	179175
"2,253,154,923.62"	2253154923.62	2253	154923.62
"2,254,178,862.64"	2254178862.64	2254	178862.64
"2,255,191,878.00"	2255191878	2255	191878
"2,256,180,390.75"	2256180390.75	2256	180390.75
"2,257,192,756.08"	2257192756.08	2257	192756.08
"2,258,175,077.81"	2258175077.81	2258	175077.81
"2,259,179,642.00"	2259179642	2259	179642
"2,260,152,269.50"	2260152269.5	2260	152269.5
"2,261,191,522.93"	2261191522.93	2261	191522.93
"2,262,206,903.83"	2262206903.83	2262	206903.83
"2,263,329,663.18"	2263329663.18	2263	329663.18
"2,264,432,551.38"	2264432551.38	2264	432551.38
"2,265,172,191.60"	2265172191.6	2265	172191.6
"2,266,285,675.39"	2266285675.39	2266	285675.39
"2,267,354,044.48"	2267354044.48	2267	354044.48
"2,268,369,887.94"	2268369887.94	2268	369887.94
"2,269,163,893.73"	2269163893.73	2269	163893.73
"2,270,183,125.70"	2270183125.7	2270	183125.7
"2,271,254,552.14"	2271254552.14	2271	254552.14
"2,272,205,341.56"	2272205341.56	2272	205341.56
"2,273,163,201.33"	2273163201.33	2273	163201.33
"2,274,170,631.80"	2274170631.8	2274	170631.8
"2,275,162,598.04"	2275162598.04	2275	162598.04
"2,276,166,841.77"	2276166841.77	2276	166841.77
"2,277,183,981.87"	2277183981.87	2277	183981.87
"2,278,156,543.78"	2278156543.78	2278	156543.78
"2,279,119,333.00"	2279119333	2279	119333
"2,280,115,719.24"	2280115719.24	2280	115719.24
"2,281,179,544.69"	2281179544.69	2281	179544.69
"2,282,177,585.58"	2282177585.58	2282	177585.58
"228,395,744.00"	228395744	2283	95744
"2,284,111,024.87"	2284111024.87	2284	111024.87
"2,285,152,967.90"	2285152967.9	2285	152967.9
"2,286,129,005.50"	2286129005.5	2286	129005.5
"2,287,342,510.87"	2287342510.87	2287	342510.87
"2,288,275,736.87"	2288275736.87	2288	275736.87
"2,289,378,566.18"	2289378566.18	2289	378566.18
"2,290,427,947.06"	2290427947.06	2290	427947.06
"2,291,319,985.44"	2291319985.44	2291	319985.44
"2,292,398,263.52"	2292398263.52	2292	398263.52
"2,293,446,822.16"	2293446822.16	2293	446822.16
"2,294,403,139.66"	2294403139.66	2294	403139.66
"2,295,440,630.43"	2295440630.43	2295	440630.43
"2,296,267,451.68"	2296267451.68	2296	267451.68
"2,297,313,293.89"	2297313293.89	2297	313293.89
"2,298,325,913.74"	2298325913.74	2298	325913.74
"2,299,382,706.26"	2299382706.26	2299	382706.26
"2,300,324,585.20"	2300324585.2	2300	324585.2
"2,301,278,774.13"	2301278774.13	2301	278774.13
"2,302,229,474.76"	2302229474.76	2302	229474.76
"2,303,237,289.36"	2303237289.36	2303	237289.36
"2,304,242,141.68"	2304242141.68	2304	242141.68
"2,305,183,881.70"	2305183881.7	2305	183881.7
"2,306,185,497.49"	2306185497.49	2306	185497.49
"2,307,189,270.50"	2307189270.5	2307	189270.5
"2,308,220,158.38"	2308220158.38	2308	220158.38
"2,309,289,881.46"	2309289881.46	2309	289881.46
"2,310,222,606.48"	2310222606.48	2310	222606.48
"2,311,195,642.58"	2311195642.58	2311	195642.58
"2,312,172,145.93"	2312172145.93	2312	172145.93
"2,313,174,187.54"	2313174187.54	2313	174187.54
"2,314,175,432.88"	2314175432.88	2314	175432.88
"2,315,171,931.66"	2315171931.66	2315	171931.66
"2,316,190,340.31"	2316190340.31	2316	190340.31
"2,317,179,294.99"	2317179294.99	2317	179294.99
"2,318,173,078.60"	2318173078.6	2318	173078.6
"2,319,175,963.03"	2319175963.03	2319	175963.03
"2,320,179,917.65"	2320179917.65	2320	179917.65
"2,321,258,016.92"	2321258016.92	2321	258016.92
"2,322,169,664.26"	2322169664.26	2322	169664.26
"2,323,184,042.65"	2323184042.65	2323	184042.65
"2,324,166,491.49"	2324166491.49	2324	166491.49
"2,325,219,221.58"	2325219221.58	2325	219221.58
"2,326,167,339.42"	2326167339.42	2326	167339.42
"2,327,211,393.37"	2327211393.37	2327	211393.37
"2,328,217,590.37"	2328217590.37	2328	217590.37
"2,329,184,785.97"	2329184785.97	2329	184785.97
"2,330,180,981.72"	2330180981.72	2330	180981.72
"2,331,355,143.76"	2331355143.76	2331	355143.76
"2,332,406,750.29"	2332406750.29	2332	406750.29
"2,333,305,865.57"	2333305865.57	2333	305865.57
"2,334,256,519.13"	2334256519.13	2334	256519.13
"2,335,255,410.29"	2335255410.29	2335	255410.29
"2,336,328,605.89"	2336328605.89	2336	328605.89
"2,337,196,781.49"	2337196781.49	2337	196781.49
"2,338,280,415.49"	2338280415.49	2338	280415.49
"2,339,236,308.62"	2339236308.62	2339	236308.62
"2,340,377,608.39"	2340377608.39	2340	377608.39
"2,341,216,708.50"	2341216708.5	2341	216708.5
"2,342,240,502.74"	2342240502.74	2342	240502.74
"2,343,219,435.26"	2343219435.26	2343	219435.26
"2,344,231,968.63"	2344231968.63	2344	231968.63
"2,345,235,939.03"	2345235939.03	2345	235939.03
"2,346,218,040.00"	2346218040	2346	218040
"2,347,192,984.27"	2347192984.27	2347	192984.27
"2,348,225,842.29"	2348225842.29	2348	225842.29
"2,349,157,434.30"	2349157434.3	2349	157434.3
"2,350,282,108.99"	2350282108.99	2350	282108.99
"2,351,264,750.16"	2351264750.16	2351	264750.16
"2,352,247,351.04"	2352247351.04	2352	247351.04
"2,353,205,321.57"	2353205321.57	2353	205321.57
"2,354,126,446.76"	2354126446.76	2354	126446.76
"2,355,159,733.76"	2355159733.76	2355	159733.76
"2,356,152,073.77"	2356152073.77	2356	152073.77
"2,357,194,918.81"	2357194918.81	2357	194918.81
"2,358,199,132.80"	2358199132.8	2358	199132.8
"2,359,120,711.25"	2359120711.25	2359	120711.25
"2,360,120,415.50"	2360120415.5	2360	120415.5
"2,361,136,409.00"	2361136409	2361	136409
"2,362,266,401.02"	2362266401.02	2362	266401.02
"2,363,140,567.68"	2363140567.68	2363	140567.68
"2,364,149,572.85"	2364149572.85	2364	149572.85
"2,365,228,959.34"	2365228959.34	2365	228959.34
"2,366,193,074.80"	2366193074.8	2366	193074.8
"2,367,219,363.95"	2367219363.95	2367	219363.95
"2,368,205,009.86"	2368205009.86	2368	205009.86
"2,369,222,578.72"	2369222578.72	2369	222578.72
"2,370,167,098.00"	2370167098	2370	167098
"2,371,169,104.33"	2371169104.33	2371	169104.33
"2,372,171,848.76"	2372171848.76	2372	171848.76
"2,373,254,461.82"	2373254461.82	2373	254461.82
"2,374,297,430.59"	2374297430.59	2374	297430.59
"2,375,240,527.70"	2375240527.7	2375	240527.7
"2,376,263,578.52"	2376263578.52	2376	263578.52
"2,377,342,751.14"	2377342751.14	2377	342751.14
"2,378,130,813.58"	2378130813.58	2378	130813.58
"2,379,200,947.64"	2379200947.64	2379	200947.64
"2,380,144,587.00"	2380144587	2380	144587
"2,381,160,078.32"	2381160078.32	2381	160078.32
"2,382,183,399.45"	2382183399.45	2382	183399.45
"2,383,216,052.97"	2383216052.97	2383	216052.97
"2,384,249,699.30"	2384249699.3	2384	249699.3
"2,385,150,016.50"	2385150016.5	2385	150016.5
"2,386,140,096.00"	2386140096	2386	140096
"2,387,132,367.00"	2387132367	2387	132367
"2,388,102,895.58"	2388102895.58	2388	102895.58
"2,389,126,459.33"	2389126459.33	2389	126459.33
"2,390,137,576.00"	2390137576	2390	137576
"2,391,136,826.58"	2391136826.58	2391	136826.58
"2,392,115,520.08"	2392115520.08	2392	115520.08
"2,393,157,711.95"	2393157711.95	2393	157711.95
"2,394,144,684.50"	2394144684.5	2394	144684.5
"2,395,194,165.15"	2395194165.15	2395	194165.15
"2,396,149,502.32"	2396149502.32	2396	149502.32
"2,397,199,541.50"	2397199541.5	2397	199541.5
"2,398,124,639.96"	2398124639.96	2398	124639.96
"239,960,004.66"	239960004.66	2399	60004.66
"240,056,024.96"	240056024.96	2400	56024.96
"2,401,112,842.04"	2401112842.04	2401	112842.04
"2,402,138,301.75"	2402138301.75	2402	138301.75
"2,403,131,577.58"	2403131577.58	2403	131577.58
"2,404,142,904.33"	2404142904.33	2404	142904.33
"2,405,158,939.50"	2405158939.5	2405	158939.5
"2,406,133,393.10"	2406133393.1	2406	133393.1
"2,407,130,477.63"	2407130477.63	2407	130477.63
"2,408,133,531.34"	2408133531.34	2408	133531.34
"2,409,136,212.00"	2409136212	2409	136212
"2,410,171,243.47"	2410171243.47	2410	171243.47
"2,411,123,553.08"	2411123553.08	2411	123553.08
"2,412,153,314.50"	2412153314.5	2412	153314.5
"2,413,140,321.00"	2413140321	2413	140321
"2,414,133,028.50"	2414133028.5	2414	133028.5
"2,415,130,498.19"	2415130498.19	2415	130498.19
"2,416,126,913.69"	2416126913.69	2416	126913.69
"2,417,133,838.25"	2417133838.25	2417	133838.25
"2,418,122,818.25"	2418122818.25	2418	122818.25
"2,419,135,266.96"	2419135266.96	2419	135266.96
"2,420,125,957.00"	2420125957	2420	125957
"2,421,151,640.50"	2421151640.5	2421	151640.5
"2,422,117,899.24"	2422117899.24	2422	117899.24
"2,423,130,907.51"	2423130907.51	2423	130907.51
"2,424,147,029.92"	2424147029.92	2424	147029.92
"2,425,170,247.46"	2425170247.46	2425	170247.46
"2,426,123,280.90"	2426123280.9	2426	123280.9
"2,427,142,743.21"	2427142743.21	2427	142743.21
"2,428,178,126.65"	2428178126.65	2428	178126.65
"2,429,113,851.00"	2429113851	2429	113851
"2,430,130,672.25"	2430130672.25	2430	130672.25
"2,431,117,035.00"	2431117035	2431	117035
"2,432,136,655.00"	2432136655	2432	136655
"2,433,143,827.25"	2433143827.25	2433	143827.25
"2,434,144,405.50"	2434144405.5	2434	144405.5
"2,435,150,737.50"	2435150737.5	2435	150737.5
"2,436,103,194.93"	2436103194.93	2436	103194.93
"2,437,108,993.55"	2437108993.55	2437	108993.55
"2,438,124,573.16"	2438124573.16	2438	124573.16
"2,439,115,030.10"	2439115030.1	2439	115030.1
"2,440,122,648.05"	2440122648.05	2440	122648.05
"2,441,108,961.80"	2441108961.8	2441	108961.8
"2,442,107,252.30"	2442107252.3	2442	107252.3
"2,443,114,468.87"	2443114468.87	2443	114468.87
"2,444,128,354.40"	2444128354.4	2444	128354.4
"244,589,601.57"	244589601.57	2445	89601.57
"2,446,134,052.85"	2446134052.85	2446	134052.85
"2,447,215,198.30"	2447215198.3	2447	215198.3
"2,448,145,359.00"	2448145359	2448	145359
"2,449,109,287.00"	2449109287	2449	109287
"2,450,157,970.64"	2450157970.64	2450	157970.64
"2,451,123,332.09"	2451123332.09	2451	123332.09
"2,452,216,405.75"	2452216405.75	2452	216405.75
"245,395,832.50"	245395832.5	2453	95832.5
"2,454,126,114.64"	2454126114.64	2454	126114.64
"2,455,105,655.76"	2455105655.76	2455	105655.76
"2,456,137,926.78"	2456137926.78	2456	137926.78
"2,457,115,328.04"	2457115328.04	2457	115328.04
"2,458,114,754.54"	2458114754.54	2458	114754.54
"2,459,113,253.50"	2459113253.5	2459	113253.5
"2,460,139,888.08"	2460139888.08	2460	139888.08
"2,461,117,979.54"	2461117979.54	2461	117979.54
"2,462,135,565.37"	2462135565.37	2462	135565.37
"2,463,116,128.50"	2463116128.5	2463	116128.5
"2,464,157,575.24"	2464157575.24	2464	157575.24
"2,465,127,624.13"	2465127624.13	2465	127624.13
"2,466,117,728.42"	2466117728.42	2466	117728.42
"2,467,157,475.30"	2467157475.3	2467	157475.3
"246,894,932.55"	246894932.55	2468	94932.55
"246,995,431.98"	246995431.98	2469	95431.98
"2,470,179,958.10"	2470179958.1	2470	179958.1
"2,471,208,867.67"	2471208867.67	2471	208867.67
"2,472,170,969.36"	2472170969.36	2472	170969.36
"2,473,116,900.26"	2473116900.26	2473	116900.26
"2,474,111,163.87"	2474111163.87	2474	111163.87
"2,475,218,312.30"	2475218312.3	2475	218312.3
"2,476,116,789.26"	2476116789.26	2476	116789.26
"2,477,133,196.00"	2477133196	2477	133196
"2,478,162,045.50"	2478162045.5	2478	162045.5
"2,479,109,706.56"	2479109706.56	2479	109706.56
"2,480,131,366.88"	2480131366.88	2480	131366.88
"2,481,121,016.20"	2481121016.2	2481	121016.2
"2,482,134,525.97"	2482134525.97	2482	134525.97
"2,483,118,542.92"	2483118542.92	2483	118542.92
"2,484,122,285.91"	2484122285.91	2484	122285.91
"2,485,122,075.16"	2485122075.16	2485	122075.16
"2,486,156,682.00"	2486156682	2486	156682
"2,487,184,242.95"	2487184242.95	2487	184242.95
"2,488,155,793.45"	2488155793.45	2488	155793.45
"2,489,145,005.82"	2489145005.82	2489	145005.82
"2,490,152,489.62"	2490152489.62	2490	152489.62
"249,191,184.79"	249191184.79	2491	91184.79
"2,492,183,511.40"	2492183511.4	2492	183511.4
"2,493,134,906.53"	2493134906.53	2493	134906.53
"2,494,165,250.50"	2494165250.5	2494	165250.5
"2,495,100,712.09"	2495100712.09	2495	100712.09
"2,496,222,146.90"	2496222146.9	2496	222146.9
"2,497,155,652.00"	2497155652	2497	155652
"2,498,115,807.76"	2498115807.76	2498	115807.76
"249,991,301.50"	249991301.5	2499	91301.5
"2,500,132,055.55"	2500132055.55	2500	132055.55
"2,501,134,395.09"	2501134395.09	2501	134395.09
"2,502,145,142.00"	2502145142	2502	145142
"2,503,100,077.26"	2503100077.26	2503	100077.26
"2,504,182,554.22"	2504182554.22	2504	182554.22
"2,505,217,503.78"	2505217503.78	2505	217503.78
"2,506,253,787.91"	2506253787.91	2506	253787.91
"2,507,319,304.93"	2507319304.93	2507	319304.93
"2,508,255,418.35"	2508255418.35	2508	255418.35
"2,509,221,074.24"	2509221074.24	2509	221074.24
"2,510,230,979.80"	2510230979.8	2510	230979.8
"2,511,188,311.46"	2511188311.46	2511	188311.46
"2,512,215,467.06"	2512215467.06	2512	215467.06
"2,513,218,313.06"	2513218313.06	2513	218313.06
"2,514,237,296.23"	2514237296.23	2514	237296.23
"2,515,146,156.50"	2515146156.5	2515	146156.5
"2,516,155,395.19"	2516155395.19	2516	155395.19
"2,517,131,427.16"	2517131427.16	2517	131427.16
"2,518,145,432.25"	2518145432.25	2518	145432.25
"2,519,228,336.46"	2519228336.46	2519	228336.46
"2,520,206,965.40"	2520206965.4	2520	206965.4
"2,521,193,479.85"	2521193479.85	2521	193479.85
"2,522,227,284.69"	2522227284.69	2522	227284.69
"2,523,136,089.20"	2523136089.2	2523	136089.2
"2,524,138,826.45"	2524138826.45	2524	138826.45
"2,525,143,200.00"	2525143200	2525	143200
"2,526,138,071.08"	2526138071.08	2526	138071.08
"2,527,117,003.86"	2527117003.86	2527	117003.86
"2,528,127,622.28"	2528127622.28	2528	127622.28
"2,529,130,920.70"	2529130920.7	2529	130920.7
"2,530,110,822.00"	2530110822	2530	110822
"2,531,240,429.40"	2531240429.4	2531	240429.4
"2,532,231,781.96"	2532231781.96	2532	231781.96
"2,533,198,627.45"	2533198627.45	2533	198627.45
"2,534,248,347.18"	2534248347.18	2534	248347.18
"2,535,297,845.73"	2535297845.73	2535	297845.73
"2,536,229,723.79"	2536229723.79	2536	229723.79
"2,537,232,069.07"	2537232069.07	2537	232069.07
"2,538,186,741.81"	2538186741.81	2538	186741.81
"2,539,188,835.50"	2539188835.5	2539	188835.5
"2,540,179,221.69"	2540179221.69	2540	179221.69
"2,541,183,828.76"	2541183828.76	2541	183828.76
"2,542,161,199.14"	2542161199.14	2542	161199.14
"2,543,131,233.60"	2543131233.6	2543	131233.6
"2,544,135,423.75"	2544135423.75	2544	135423.75
"2,545,127,716.60"	2545127716.6	2545	127716.6
"2,546,145,652.32"	2546145652.32	2546	145652.32
"2,547,139,346.50"	2547139346.5	2547	139346.5
"2,548,152,381.54"	2548152381.54	2548	152381.54
"2,549,162,309.88"	2549162309.88	2549	162309.88
"2,550,387,854.88"	2550387854.88	2550	387854.88
"2,551,141,709.33"	2551141709.33	2551	141709.33
"2,552,120,627.49"	2552120627.49	2552	120627.49
"255,386,969.50"	255386969.5	2553	86969.5
"2,554,120,946.50"	2554120946.5	2554	120946.5
"2,555,113,548.00"	2555113548	2555	113548
"2,556,104,102.98"	2556104102.98	2556	104102.98
"2,557,118,271.97"	2557118271.97	2557	118271.97
"2,558,155,154.87"	2558155154.87	2558	155154.87
"2,559,139,921.05"	2559139921.05	2559	139921.05
"2,560,123,677.04"	2560123677.04	2560	123677.04
"2,561,141,755.00"	2561141755	2561	141755
"2,562,134,975.66"	2562134975.66	2562	134975.66
"2,563,148,314.87"	2563148314.87	2563	148314.87
"2,564,166,864.87"	2564166864.87	2564	166864.87
"2,565,120,133.94"	2565120133.94	2565	120133.94
"2,566,151,498.93"	2566151498.93	2566	151498.93
"2,567,133,688.50"	2567133688.5	2567	133688.5
"2,568,187,724.74"	2568187724.74	2568	187724.74
"2,569,190,479.88"	2569190479.88	2569	190479.88
"2,570,119,647.16"	2570119647.16	2570	119647.16
"2,571,171,894.50"	2571171894.5	2571	171894.5
"2,572,191,339.83"	2572191339.83	2572	191339.83
"2,573,250,159.20"	2573250159.2	2573	250159.2
"2,574,304,611.60"	2574304611.6	2574	304611.6
"2,575,126,709.33"	2575126709.33	2575	126709.33
"2,576,133,078.09"	2576133078.09	2576	133078.09
"2,577,161,825.46"	2577161825.46	2577	161825.46
"257,896,082.47"	257896082.47	2578	96082.47
"257,980,061.43"	257980061.43	2579	80061.43
"2,580,136,865.97"	2580136865.97	2580	136865.97
"2,581,135,353.39"	2581135353.39	2581	135353.39
"2,582,117,813.04"	2582117813.04	2582	117813.04
"2,583,287,346.38"	2583287346.38	2583	287346.38
"2,584,159,599.83"	2584159599.83	2584	159599.83
"2,585,177,876.56"	2585177876.56	2585	177876.56
"2,586,206,087.49"	2586206087.49	2586	206087.49
"2,587,206,803.27"	2587206803.27	2587	206803.27
"2,588,155,357.23"	2588155357.23	2588	155357.23
"2,589,146,398.60"	2589146398.6	2589	146398.6
"2,590,223,377.12"	2590223377.12	2590	223377.12
"2,591,209,438.07"	2591209438.07	2591	209438.07
"2,592,223,682.13"	2592223682.13	2592	223682.13
"2,593,258,075.52"	2593258075.52	2593	258075.52
"2,594,173,050.65"	2594173050.65	2594	173050.65
"2,595,211,495.03"	2595211495.03	2595	211495.03
"2,596,335,905.31"	2596335905.31	2596	335905.31
"2,597,180,344.56"	2597180344.56	2597	180344.56
"2,598,268,548.66"	2598268548.66	2598	268548.66
"2,599,314,581.29"	2599314581.29	2599	314581.29
"2,600,147,932.52"	2600147932.52	2600	147932.52
"2,601,132,815.70"	2601132815.7	2601	132815.7
"260,285,366.42"	260285366.42	2602	85366.42
"260,393,199.43"	260393199.43	2603	93199.43
"260,489,088.50"	260489088.5	2604	89088.5
"260,585,158.00"	260585158	2605	85158
"2,606,146,314.90"	2606146314.9	2606	146314.9
"2,607,170,546.86"	2607170546.86	2607	170546.86
"2,608,200,687.01"	2608200687.01	2608	200687.01
"2,609,169,008.06"	2609169008.06	2609	169008.06
"2,610,117,515.10"	2610117515.1	2610	117515.1
"2,611,157,791.09"	2611157791.09	2611	157791.09
"2,612,154,375.00"	2612154375	2612	154375
"2,613,126,683.00"	2613126683	2613	126683
"2,614,126,500.96"	2614126500.96	2614	126500.96
"2,615,147,641.40"	2615147641.4	2615	147641.4
"2,616,139,757.00"	2616139757	2616	139757
"2,617,167,963.00"	2617167963	2617	167963
"2,618,186,502.24"	2618186502.24	2618	186502.24
"2,619,232,572.70"	2619232572.7	2619	232572.7
"2,620,188,366.40"	2620188366.4	2620	188366.4
"2,621,182,565.68"	2621182565.68	2621	182565.68
"2,622,189,148.04"	2622189148.04	2622	189148.04
"2,623,261,495.14"	2623261495.14	2623	261495.14
"2,624,269,567.72"	2624269567.72	2624	269567.72
"2,625,315,638.53"	2625315638.53	2625	315638.53
"2,626,164,195.20"	2626164195.2	2626	164195.2
"2,627,185,089.00"	2627185089	2627	185089
"2,628,429,597.75"	2628429597.75	2628	429597.75
"2,629,535,826.89"	2629535826.89	2629	535826.89
"2,630,352,398.87"	2630352398.87	2630	352398.87
"2,631,459,622.40"	2631459622.4	2631	459622.4
"2,632,412,017.15"	2632412017.15	2632	412017.15
"2,633,313,186.96"	2633313186.96	2633	313186.96
"2,634,392,435.56"	2634392435.56	2634	392435.56
"2,635,149,586.10"	2635149586.1	2635	149586.1
"2,636,193,973.30"	2636193973.3	2636	193973.3
"2,637,167,376.18"	2637167376.18	2637	167376.18
"2,638,257,754.06"	2638257754.06	2638	257754.06
"2,639,182,118.90"	2639182118.9	2639	182118.9
"2,640,149,964.50"	2640149964.5	2640	149964.5
"2,641,105,702.75"	2641105702.75	2641	105702.75
"2,642,186,598.62"	2642186598.62	2642	186598.62
"2,643,104,452.50"	2643104452.5	2643	104452.5
"2,644,131,305.00"	2644131305	2644	131305
"264,597,636.04"	264597636.04	2645	97636.04
"264,691,480.71"	264691480.71	2646	91480.71
"2,647,100,679.50"	2647100679.5	2647	100679.5
"2,648,134,812.50"	2648134812.5	2648	134812.5
"2,649,138,540.83"	2649138540.83	2649	138540.83
"2,650,153,668.25"	2650153668.25	2650	153668.25
"2,651,154,439.58"	2651154439.58	2651	154439.58
"2,652,446,585.95"	2652446585.95	2652	446585.95
"2,653,256,611.47"	2653256611.47	2653	256611.47
"2,654,244,542.94"	2654244542.94	2654	244542.94
"2,655,356,805.14"	2655356805.14	2655	356805.14
"2,656,323,513.00"	2656323513	2656	323513
"2,657,332,688.60"	2657332688.6	2657	332688.6
"2,658,275,691.86"	2658275691.86	2658	275691.86
"2,659,298,505.09"	2659298505.09	2659	298505.09
"2,660,319,049.89"	2660319049.89	2660	319049.89
"2,661,332,231.10"	2661332231.1	2661	332231.1
"2,662,343,578.93"	2662343578.93	2662	343578.93
"2,663,277,212.61"	2663277212.61	2663	277212.61
"2,664,284,559.78"	2664284559.78	2664	284559.78
"2,665,317,574.25"	2665317574.25	2665	317574.25
"2,666,287,147.71"	2666287147.71	2666	287147.71
"2,667,170,013.21"	2667170013.21	2667	170013.21
"2,668,180,902.73"	2668180902.73	2668	180902.73
"2,669,179,113.17"	2669179113.17	2669	179113.17
"2,670,293,993.44"	2670293993.44	2670	293993.44
"2,671,179,593.54"	2671179593.54	2671	179593.54
"2,672,183,357.31"	2672183357.31	2672	183357.31
"2,673,203,998.92"	2673203998.92	2673	203998.92
"2,674,198,891.63"	2674198891.63	2674	198891.63
"2,675,172,410.45"	2675172410.45	2675	172410.45
"2,676,186,646.92"	2676186646.92	2676	186646.92
"2,677,195,036.60"	2677195036.6	2677	195036.6
"2,678,254,268.31"	2678254268.31	2678	254268.31
"2,679,271,817.99"	2679271817.99	2679	271817.99
"2,680,267,853.60"	2680267853.6	2680	267853.6
"2,681,421,051.61"	2681421051.61	2681	421051.61
"2,682,332,933.91"	2682332933.91	2682	332933.91
"2,683,521,027.97"	2683521027.97	2683	521027.97
"2,684,304,462.00"	2684304462	2684	304462
"2,685,338,206.07"	2685338206.07	2685	338206.07
"2,686,262,569.81"	2686262569.81	2686	262569.81
"2,687,326,101.07"	2687326101.07	2687	326101.07
"2,688,230,935.67"	2688230935.67	2688	230935.67
"2,689,209,068.48"	2689209068.48	2689	209068.48
"2,690,474,082.84"	2690474082.84	2690	474082.84
"2,691,188,116.99"	2691188116.99	2691	188116.99
"2,692,134,218.57"	2692134218.57	2692	134218.57
"2,693,191,256.99"	2693191256.99	2693	191256.99
"2,694,123,990.33"	2694123990.33	2694	123990.33
"2,695,192,871.65"	2695192871.65	2695	192871.65
"2,696,185,459.46"	2696185459.46	2696	185459.46
"2,697,190,698.39"	2697190698.39	2697	190698.39
"2,698,199,649.50"	2698199649.5	2698	199649.5
"2,699,182,736.72"	2699182736.72	2699	182736.72
"2,700,169,293.89"	2700169293.89	2700	169293.89
"2,701,147,916.07"	2701147916.07	2701	147916.07
"2,702,112,201.19"	2702112201.19	2702	112201.19
"2,703,132,173.03"	2703132173.03	2703	132173.03
"2,704,142,208.93"	2704142208.93	2704	142208.93
"2,705,127,224.16"	2705127224.16	2705	127224.16
"2,706,119,317.00"	2706119317	2706	119317
"2,707,122,612.17"	2707122612.17	2707	122612.17
"2,708,135,253.50"	2708135253.5	2708	135253.5
"2,709,113,709.00"	2709113709	2709	113709
"2,710,127,265.50"	2710127265.5	2710	127265.5
"2,711,284,844.61"	2711284844.61	2711	284844.61
"2,712,364,728.02"	2712364728.02	2712	364728.02
"2,713,175,756.98"	2713175756.98	2713	175756.98
"2,714,149,334.19"	2714149334.19	2714	149334.19
"2,715,171,541.15"	2715171541.15	2715	171541.15
"2,716,169,324.04"	2716169324.04	2716	169324.04
"2,717,183,455.00"	2717183455	2717	183455
"2,718,226,809.87"	2718226809.87	2718	226809.87
"2,719,158,571.59"	2719158571.59	2719	158571.59
"2,720,163,518.64"	2720163518.64	2720	163518.64
"2,721,141,810.50"	2721141810.5	2721	141810.5
"2,722,160,458.27"	2722160458.27	2722	160458.27
"2,723,141,272.50"	2723141272.5	2723	141272.5
"2,724,128,948.00"	2724128948	2724	128948
"2,725,134,178.25"	2725134178.25	2725	134178.25
"2,726,149,194.62"	2726149194.62	2726	149194.62
"2,727,167,868.78"	2727167868.78	2727	167868.78
"2,728,164,762.50"	2728164762.5	2728	164762.5
"2,729,154,819.04"	2729154819.04	2729	154819.04
"2,730,144,848.00"	2730144848	2730	144848
"2,731,121,732.50"	2731121732.5	2731	121732.5
"2,732,119,786.08"	2732119786.08	2732	119786.08
"2,733,159,445.75"	2733159445.75	2733	159445.75
"2,734,142,314.14"	2734142314.14	2734	142314.14
"2,735,135,098.75"	2735135098.75	2735	135098.75
"2,736,141,070.48"	2736141070.48	2736	141070.48
"2,737,123,927.00"	2737123927	2737	123927
"2,738,134,314.29"	2738134314.29	2738	134314.29
"2,739,159,889.82"	2739159889.82	2739	159889.82
"2,740,134,333.00"	2740134333	2740	134333
"2,741,148,985.41"	2741148985.41	2741	148985.41
"2,742,151,756.50"	2742151756.5	2742	151756.5
"2,743,149,569.93"	2743149569.93	2743	149569.93
"2,744,144,765.87"	2744144765.87	2744	144765.87
"2,745,136,542.50"	2745136542.5	2745	136542.5
"2,746,134,502.25"	2746134502.25	2746	134502.25
"2,747,159,003.08"	2747159003.08	2747	159003.08
"2,748,124,562.37"	2748124562.37	2748	124562.37
"2,749,131,921.00"	2749131921	2749	131921
"2,750,134,517.00"	2750134517	2750	134517
"2,751,130,345.50"	2751130345.5	2751	130345.5
"2,752,233,326.81"	2752233326.81	2752	233326.81
"2,753,154,654.50"	2753154654.5	2753	154654.5
"2,754,189,319.94"	2754189319.94	2754	189319.94
"2,755,126,003.90"	2755126003.9	2755	126003.9
"275,690,243.76"	275690243.76	2756	90243.76
"275,770,591.20"	275770591.2	2757	70591.2
"275,886,614.76"	275886614.76	2758	86614.76
"2,759,156,261.17"	2759156261.17	2759	156261.17
"2,760,144,461.90"	2760144461.9	2760	144461.9
"2,761,147,371.50"	2761147371.5	2761	147371.5
"2,762,146,165.25"	2762146165.25	2762	146165.25
"2,763,188,230.00"	2763188230	2763	188230
"2,764,168,488.37"	2764168488.37	2764	168488.37
"2,765,262,264.88"	2765262264.88	2765	262264.88
"2,766,144,850.74"	2766144850.74	2766	144850.74
"276,790,628.04"	276790628.04	2767	90628.04
"2,768,129,110.41"	2768129110.41	2768	129110.41
"2,769,124,112.20"	2769124112.2	2769	124112.2
"2,770,155,427.50"	2770155427.5	2770	155427.5
"2,771,118,219.50"	2771118219.5	2771	118219.5
"2,772,124,641.25"	2772124641.25	2772	124641.25
"2,773,146,804.70"	2773146804.7	2773	146804.7
"2,774,139,800.50"	2774139800.5	2774	139800.5
"2,775,136,299.87"	2775136299.87	2775	136299.87
"2,776,145,003.32"	2776145003.32	2776	145003.32
"2,777,150,196.27"	2777150196.27	2777	150196.27
"2,778,129,075.97"	2778129075.97	2778	129075.97
"2,779,123,937.92"	2779123937.92	2779	123937.92
"2,780,112,498.51"	2780112498.51	2780	112498.51
"2,781,106,186.20"	2781106186.2	2781	106186.2
"278,297,428.81"	278297428.81	2782	97428.81
"2,783,105,353.81"	2783105353.81	2783	105353.81
"2,784,130,443.21"	2784130443.21	2784	130443.21
"2,785,139,304.06"	2785139304.06	2785	139304.06
"278,683,074.98"	278683074.98	2786	83074.98
"2,787,116,881.50"	2787116881.5	2787	116881.5
"278,888,806.56"	278888806.56	2788	88806.56
"2,789,227,018.29"	2789227018.29	2789	227018.29
"279,094,229.35"	279094229.35	2790	94229.35
"2,791,117,502.05"	2791117502.05	2791	117502.05
"279,284,267.21"	279284267.21	2792	84267.21
"2,793,167,116.03"	2793167116.03	2793	167116.03
"2,794,101,387.61"	2794101387.61	2794	101387.61
"2,795,114,879.95"	2795114879.95	2795	114879.95
"2,796,101,921.08"	2796101921.08	2796	101921.08
"2,797,185,582.15"	2797185582.15	2797	185582.15
"2,798,124,574.10"	2798124574.1	2798	124574.1
"2,799,116,627.50"	2799116627.5	2799	116627.5
"280,082,304.26"	280082304.26	2800	82304.26
"2,801,112,808.60"	2801112808.6	2801	112808.6
"2,802,138,651.37"	2802138651.37	2802	138651.37
"2,803,160,527.07"	2803160527.07	2803	160527.07
"2,804,143,287.39"	2804143287.39	2804	143287.39
"280,597,003.36"	280597003.36	2805	97003.36
"280,696,088.80"	280696088.8	2806	96088.8
"2,807,155,878.49"	2807155878.49	2807	155878.49
"2,808,148,281.87"	2808148281.87	2808	148281.87
"2,809,134,417.30"	2809134417.3	2809	134417.3
"2,810,135,801.30"	2810135801.3	2810	135801.3
"2,811,157,271.88"	2811157271.88	2811	157271.88
"2,812,145,702.07"	2812145702.07	2812	145702.07
"2,813,152,359.45"	2813152359.45	2813	152359.45
"2,814,158,928.17"	2814158928.17	2814	158928.17
"281,596,504.01"	281596504.01	2815	96504.01
"2,816,259,852.78"	2816259852.78	2816	259852.78
"2,817,135,956.10"	2817135956.1	2817	135956.1
"2,818,132,659.20"	2818132659.2	2818	132659.2
"2,819,177,831.24"	2819177831.24	2819	177831.24
"2,820,129,531.58"	2820129531.58	2820	129531.58
"2,821,110,779.25"	2821110779.25	2821	110779.25
"2,822,180,059.22"	2822180059.22	2822	180059.22
"2,823,224,259.79"	2823224259.79	2823	224259.79
"2,824,175,864.00"	2824175864	2824	175864
"2,825,149,897.72"	2825149897.72	2825	149897.72
"2,826,133,171.50"	2826133171.5	2826	133171.5
"2,827,146,866.00"	2827146866	2827	146866
"2,828,209,353.01"	2828209353.01	2828	209353.01
"2,829,175,894.66"	2829175894.66	2829	175894.66
"2,830,237,307.48"	2830237307.48	2830	237307.48
"2,831,194,813.48"	2831194813.48	2831	194813.48
"2,832,220,931.81"	2832220931.81	2832	220931.81
"2,833,292,395.38"	2833292395.38	2833	292395.38
"2,834,218,716.31"	2834218716.31	2834	218716.31
"2,835,219,162.86"	2835219162.86	2835	219162.86
"2,836,193,804.75"	2836193804.75	2836	193804.75
"2,837,165,469.40"	2837165469.4	2837	165469.4
"2,838,144,602.75"	2838144602.75	2838	144602.75
"2,839,180,700.72"	2839180700.72	2839	180700.72
"2,840,195,067.50"	2840195067.5	2840	195067.5
"2,841,203,736.50"	2841203736.5	2841	203736.5
"2,842,222,381.77"	2842222381.77	2842	222381.77
"2,843,146,378.78"	2843146378.78	2843	146378.78
"2,844,152,053.79"	2844152053.79	2844	152053.79
"2,845,124,054.50"	2845124054.5	2845	124054.5
"2,846,211,434.86"	2846211434.86	2846	211434.86
"2,847,197,902.58"	2847197902.58	2847	197902.58
"2,848,223,252.22"	2848223252.22	2848	223252.22
"2,849,212,065.25"	2849212065.25	2849	212065.25
"2,850,282,476.15"	2850282476.15	2850	282476.15
"2,851,239,829.17"	2851239829.17	2851	239829.17
"2,852,229,720.08"	2852229720.08	2852	229720.08
"2,853,232,302.24"	2853232302.24	2853	232302.24
"2,854,140,785.50"	2854140785.5	2854	140785.5
"2,855,198,296.25"	2855198296.25	2855	198296.25
"2,856,208,941.26"	2856208941.26	2856	208941.26
"2,857,190,753.52"	2857190753.52	2857	190753.52
"2,858,195,504.66"	2858195504.66	2858	195504.66
"2,859,146,474.01"	2859146474.01	2859	146474.01
"2,860,126,366.50"	2860126366.5	2860	126366.5
"2,861,132,877.48"	2861132877.48	2861	132877.48
"2,862,195,780.55"	2862195780.55	2862	195780.55
"2,863,121,143.00"	2863121143	2863	121143
"2,864,262,895.94"	2864262895.94	2864	262895.94
"2,865,140,922.83"	2865140922.83	2865	140922.83
"2,866,138,226.00"	2866138226	2866	138226
"286,794,461.00"	286794461	2867	94461
"2,868,115,214.75"	2868115214.75	2868	115214.75
"2,869,124,728.76"	2869124728.76	2869	124728.76
"2,870,155,045.82"	2870155045.82	2870	155045.82
"2,871,112,405.73"	2871112405.73	2871	112405.73
"287,263,896.92"	287263896.92	2872	63896.92
"2,873,109,005.24"	2873109005.24	2873	109005.24
"2,874,141,204.09"	2874141204.09	2874	141204.09
"2,875,118,312.58"	2875118312.58	2875	118312.58
"2,876,157,515.55"	2876157515.55	2876	157515.55
"2,877,145,819.34"	2877145819.34	2877	145819.34
"2,878,166,311.26"	2878166311.26	2878	166311.26
"2,879,149,842.50"	2879149842.5	2879	149842.5
"2,880,112,722.08"	2880112722.08	2880	112722.08
"2,881,148,108.30"	2881148108.3	2881	148108.3
"2,882,161,423.00"	2882161423	2882	161423
"2,883,165,892.40"	2883165892.4	2883	165892.4
"2,884,177,853.82"	2884177853.82	2884	177853.82
"2,885,183,189.81"	2885183189.81	2885	183189.81
"2,886,193,427.51"	2886193427.51	2886	193427.51
"2,887,104,763.46"	2887104763.46	2887	104763.46
"2,888,122,338.58"	2888122338.58	2888	122338.58
"288,963,113.43"	288963113.43	2889	63113.43
"289,088,755.76"	289088755.76	2890	88755.76
"2,891,137,693.50"	2891137693.5	2891	137693.5
"289,259,151.00"	289259151	2892	59151
"2,893,110,444.83"	2893110444.83	2893	110444.83
"289,466,244.95"	289466244.95	2894	66244.95
"2,895,314,181.61"	2895314181.61	2895	314181.61
"2,896,280,025.99"	2896280025.99	2896	280025.99
"2,897,198,589.24"	2897198589.24	2897	198589.24
"2,898,149,013.47"	2898149013.47	2898	149013.47
"2,899,230,715.54"	2899230715.54	2899	230715.54
"2,900,161,043.87"	2900161043.87	2900	161043.87
"2,901,192,884.83"	2901192884.83	2901	192884.83
"2,902,187,322.69"	2902187322.69	2902	187322.69
"2,903,346,408.66"	2903346408.66	2903	346408.66
"2,904,344,197.38"	2904344197.38	2904	344197.38
"2,905,120,232.36"	2905120232.36	2905	120232.36
"2,906,208,114.82"	2906208114.82	2906	208114.82
"2,907,113,166.33"	2907113166.33	2907	113166.33
"2,908,128,616.50"	2908128616.5	2908	128616.5
"2,909,143,721.02"	2909143721.02	2909	143721.02
"291,083,305.00"	291083305	2910	83305
"291,184,247.42"	291184247.42	2911	84247.42
"2,912,155,564.01"	2912155564.01	2912	155564.01
"291,389,682.50"	291389682.5	2913	89682.5
"291,485,217.21"	291485217.21	2914	85217.21
"291,585,179.50"	291585179.5	2915	85179.5
"291,686,189.92"	291686189.92	2916	86189.92
"2,917,153,520.70"	2917153520.7	2917	153520.7
"2,918,113,823.83"	2918113823.83	2918	113823.83
"2,919,230,229.30"	2919230229.3	2919	230229.3
